9.779284769618632467e+00
4.179958911953550960e+00
3.212628089564450562e+00
2.781939232574514254e+00
2.521983696361398408e+00
2.317483164400496953e+00
2.140868130341873954e+00
1.984310588985534585e+00
1.844338086451178027e+00
1.718717435254832893e+00
1.605697625090467540e+00
1.503788222428892762e+00
1.411693541447843314e+00
1.328286516684636043e+00
1.252585864633001922e+00
1.183731285334008287e+00
1.120961515703425615e+00
1.063599520962807965e+00
1.011044783556032556e+00
9.627693681274921422e-01
9.183140418425476126e-01
8.772823295082272654e-01
8.393323255945464023e-01
8.041673595907677941e-01
7.715269910867806891e-01
7.411794933070361413e-01
7.129163281032779853e-01
6.865484872314184805e-01
6.619042068756147978e-01
6.388274911054414584e-01
6.171770013305253322e-01
5.968250494395512806e-01
5.776565842351085722e-01
5.595681544049053713e-01
5.424668735082943671e-01
5.262694221302973707e-01
5.109011162768258840e-01
4.962950599135952379e-01
4.823913885516624700e-01
4.691366018603404520e-01
4.564829767179173214e-01
4.443880476090864007e-01
4.328141385444579936e-01
4.217279295930685956e-01
4.111000417449202082e-01
4.009046262801188587e-01
3.911189491179151712e-01
3.817229664558677293e-01
3.726988946794454471e-01
3.640307839412160740e-01
