2.433333333333333215e+01 1.366666666666666607e+01 4.233435750333332948e+01
1.733333333333333215e+01 5.366666666666666430e+01 2.477739721333333378e+01
5.377846934666666812e+01 2.768736434999999929e+01 2.933333333333333215e+01
2.894347512333333228e+01 2.803258175999999935e+01 2.098587414333333356e+01
8.887723226666667031e+00 3.482257701666666350e+01 4.008671378666667096e+01
4.669790022000000107e+01 8.178264520000000815e+00 3.952518137000000564e+01
3.666666666666666430e+01 2.966666666666666785e+01 4.064054599333334039e+01
2.518854584333333335e+01 8.401496536666666515e+00 2.269469461333333626e+01
2.079074439999999768e+01 4.845380823666666714e+01 4.325450133333333724e+01
1.032043841666666673e+01 3.666666666666666430e+01 2.203390136999999882e+01
4.657304542666665981e+01 1.266666666666666607e+01 2.189689978333333542e+01
2.748473930999999837e+01 4.066666666666666430e+01 3.066666666666666785e+01
1.889690398000000116e+01 2.666666666666666785e+01 3.233333333333333570e+01
3.575218172999999666e+01 1.284515962999999950e+01 3.166666666666666785e+01
4.133333333333333570e+01 3.410653919666666667e+01 2.757770098666666669e+01
4.966666666666666430e+01 2.133333333333333215e+01 4.048871801333333309e+01
1.056958618333333355e+01 4.566666666666666430e+01 3.366666666666666430e+01
4.166666666666666430e+01 2.351213956666666505e+01 2.097502947666666628e+01
2.066666666666666785e+01 3.733333333333333570e+01 3.956942978666666733e+01
2.566666666666666785e+01 2.633333333333333215e+01 4.151142157000000310e+01
3.733333333333333570e+01 1.766666666666666785e+01 4.175846597666666327e+01
3.166666666666666785e+01 1.733333333333333215e+01 2.129515425666666673e+01
1.933333333333333215e+01 4.266666666666666430e+01 2.321876460999999736e+01
5.068310913333333900e+01 1.725358568333333054e+01 3.066666666666666785e+01
2.384435793333333109e+01 1.760014974999999993e+01 2.966666666666666785e+01
4.633333333333333570e+01 3.227063502333333389e+01 3.721703570666667105e+01
1.766666666666666785e+01 5.457813802000000436e+01 3.565007776666666928e+01
1.022073567999999888e+01 3.120640456666666651e+01 3.066666666666666785e+01
2.733333333333333215e+01 8.461690536666667484e+00 3.483529505999999998e+01
1.866666666666666785e+01 3.325529361666666972e+01 2.536833402000000248e+01
3.566666666666666430e+01 3.629536111000000176e+01 3.433333333333333570e+01
2.337105703333333295e+01 4.861222364333332990e+01 3.033333333333333215e+01
5.008582946666666658e+01 2.266666666666666785e+01 2.283001563000000189e+01
2.368331705333333659e+01 2.133333333333333215e+01 2.153432787666666570e+01
4.966666666666666430e+01 8.333333333333333925e+00 2.846155499333333339e+01
3.333333333333333570e+01 3.433333333333333570e+01 2.439434934999999882e+01
4.333333333333333570e+01 1.421749021333333474e+01 3.433333333333333570e+01
6.680188503333333472e+00 3.833333333333333570e+01 2.966666666666666785e+01
2.966666666666666785e+01 3.333333333333333570e+01 3.934185862333333006e+01
1.533333333333333393e+01 4.366666666666666430e+01 3.971845605666666756e+01
5.248360099000000645e+01 1.333333333333333393e+01 3.733333333333333570e+01
4.215472024999999689e+01 2.416845816333333730e+01 4.201327291999999858e+01
2.155852167333333114e+01 2.066666666666666785e+01 3.666666666666666430e+01
3.866666666666666430e+01 1.547870547333333491e+01 2.433333333333333215e+01
2.014956150333333440e+01 4.912883287333333016e+01 1.883956982666666491e+01
1.566666666666666607e+01 3.176857056000000057e+01 3.757333652999999885e+01
2.933333333333333215e+01 1.966666666666666785e+01 4.274430551333333028e+01
1.266666666666666607e+01 4.633333333333333570e+01 2.431816509333333443e+01
4.733333333333333570e+01 3.088831800333333533e+01 2.434396690333333524e+01
2.337517981000000233e+01 4.433333333333333570e+01 3.758569677333333203e+01
3.117219182333333194e+01 1.166666666666666607e+01 4.020909198000000373e+01
3.044378152666666892e+01 1.066666666666666607e+01 2.726054551666666725e+01
5.181550168333333772e+01 2.755740325000000368e+01 3.733333333333333570e+01
2.566666666666666785e+01 3.446430550999999554e+01 2.575279043000000101e+01
4.833333333333333570e+01 3.364734574333333228e+01 3.066666666666666785e+01
2.137076222666667036e+01 2.666666666666666785e+01 2.532283394333333604e+01
3.733333333333333570e+01 2.937350879999999975e+01 2.218113016666666582e+01
2.850605701333333286e+01 1.502715527333333334e+01 3.391763349666666727e+01
2.223569751666666505e+01 3.066666666666666785e+01 3.677955135999999925e+01
1.384576401666666889e+01 5.104641328000000300e+01 3.166666666666666785e+01
5.246656185666666516e+01 1.333333333333333393e+01 2.533333333333333215e+01
4.366666666666666430e+01 1.639986107999999732e+01 4.094374028666666732e+01
2.566666666666666785e+01 1.533333333333333393e+01 2.026685863333333160e+01
5.350784742666666460e+01 2.233333333333333215e+01 3.333333333333333570e+01
4.411166867333333386e+01 1.328218246000000136e+01 2.775774783999999684e+01
3.466666666666666430e+01 2.333333333333333215e+01 4.269934272333333070e+01
2.217865040666666587e+01 1.333333333333333393e+01 2.533333333333333215e+01
7.757012450000000392e+00 3.963370839999999617e+01 3.566666666666666430e+01
2.270531308333333342e+01 1.233333333333333393e+01 3.633333333333333570e+01
2.633333333333333215e+01 3.733333333333333570e+01 3.564011643999999990e+01
1.233333333333333393e+01 3.163855624333332983e+01 2.471443470333333536e+01
2.633333333333333215e+01 8.109275273333333089e+00 4.077443425333333238e+01
3.566666666666666430e+01 2.333333333333333215e+01 2.041604977000000076e+01
2.475724064666666280e+01 4.366666666666666430e+01 2.632060591000000116e+01
4.966666666666666430e+01 8.333333333333333925e+00 3.443205428333332918e+01
4.066666666666666430e+01 3.361342530333332945e+01 3.633333333333333570e+01
2.087362754666666831e+01 4.867900045333332315e+01 2.466666666666666785e+01
1.460978141999999913e+01 3.633333333333333570e+01 4.108889809666666793e+01
3.266666666666666430e+01 3.731022881999999896e+01 2.933333333333333215e+01
2.034337730000000022e+01 4.920742249333333262e+01 3.733333333333333570e+01
9.333333333333333925e+00 4.136055774999999812e+01 2.558550703666666593e+01
4.233333333333333570e+01 2.954462035666666608e+01 4.019381161000000446e+01
3.666666666666666430e+01 1.430907335333333386e+01 3.735201017666666701e+01
1.433333333333333393e+01 4.873897921333333016e+01 3.783009438333333918e+01
4.966666666666666430e+01 1.733333333333333215e+01 2.178431692666666208e+01
4.833333333333333570e+01 1.366666666666666607e+01 4.147757947000000200e+01
2.133333333333333215e+01 3.766666666666666430e+01 2.368501814333333400e+01
2.032371566666666496e+01 2.233333333333333215e+01 2.833333333333333215e+01
3.033333333333333215e+01 2.266666666666666785e+01 2.023984580333333128e+01
2.533333333333333215e+01 9.374209526666666292e+00 2.824318131333333426e+01
2.417348262666666869e+01 2.066666666666666785e+01 4.188241448000000133e+01
4.266666666666666430e+01 2.857351062333333402e+01 2.210871811333333525e+01
4.833333333333333570e+01 1.320053226000000102e+01 3.301459622666666860e+01
4.666666666666666430e+01 2.664078741999999878e+01 4.115251518000000175e+01
4.633333333333333570e+01 7.859696796666665541e+00 2.449075704999999914e+01
1.533333333333333393e+01 3.055221487000000025e+01 3.066666666666666785e+01
1.933333333333333215e+01 5.138429280999999804e+01 3.166666666666666785e+01
8.666666666666666075e+00 3.233472066333333572e+01 3.535763795999999815e+01
7.833704233333333100e+00 3.368975352666666367e+01 2.566666666666666785e+01
1.133333333333333393e+01 4.062949882999999573e+01 3.982885915666666676e+01
5.225982697333333249e+01 1.833333333333333215e+01 3.733333333333333570e+01
2.879461987666666900e+01 1.504435853666666567e+01 2.894396893000000048e+01
5.297329833333333227e+01 2.333333333333333215e+01 2.707261053000000217e+01
4.533333333333333570e+01 1.966666666666666785e+01 2.140040618666666816e+01
3.033333333333333215e+01 2.755624150333333588e+01 4.211295813000000265e+01
3.433333333333333570e+01 1.475151337666666684e+01 2.636473334666666801e+01
5.214105799000000019e+01 3.016822306333333259e+01 3.333333333333333570e+01
3.933333333333333570e+01 1.308406191333333446e+01 2.852394805666666500e+01
2.213173427333333620e+01 1.833333333333333215e+01 2.533333333333333215e+01
3.566666666666666430e+01 3.363806816666666322e+01 3.830533737666667093e+01
1.146993585000000060e+01 4.766666666666666430e+01 2.866666666666666785e+01
2.547705980666667003e+01 4.566666666666666430e+01 3.332385205666666650e+01
4.385536155999999863e+01 1.233333333333333393e+01 3.860598529333333317e+01
1.947549678333333034e+01 2.966666666666666785e+01 2.867240058000000147e+01
4.736550279000000074e+01 2.633333333333333215e+01 2.190236515666666506e+01
2.533333333333333215e+01 3.044029950999999912e+01 2.344175095666666664e+01
1.466666666666666607e+01 5.037727775999999835e+01 2.666666666666666785e+01
3.928539124666666993e+01 3.517626166666666876e+01 3.166666666666666785e+01
2.174118912666666859e+01 2.633333333333333215e+01 3.824803138666666769e+01
2.215012126666666248e+01 1.666666666666666785e+01 3.966666666666666430e+01
5.236939276999999748e+01 1.866666666666666785e+01 2.666666666666666785e+01
3.833333333333333570e+01 1.966666666666666785e+01 2.084992209000000329e+01
5.122792563333333504e+01 2.677529798666666849e+01 2.440055019000000058e+01
2.376042380000000165e+01 1.633333333333333215e+01 3.448739508999999970e+01
5.026914107333333703e+01 9.409537736666665708e+00 2.305207657000000054e+01
3.033333333333333215e+01 3.743898207000000156e+01 3.366666666666666430e+01
1.987912007333333619e+01 2.238931274666666482e+01 3.278509731333333121e+01
4.328205811000000125e+01 1.523651265666666710e+01 2.332078568000000018e+01
3.054435994000000321e+01 1.133333333333333393e+01 3.573085528333333372e+01
1.648107153333333130e+01 4.733333333333333570e+01 2.033333333333333215e+01
6.474074393333332900e+00 3.566666666666666430e+01 3.366666666666666430e+01
2.666666666666666785e+01 3.033333333333333215e+01 4.025961842333332896e+01
2.129576222999999757e+01 4.533333333333333570e+01 2.048683632333333193e+01
9.227116553333333471e+00 4.233333333333333570e+01 3.133333333333333215e+01
1.366666666666666607e+01 3.933333333333333570e+01 2.222785408666666740e+01
3.033333333333333215e+01 1.564221592666666538e+01 4.182617218666666759e+01
5.114178437999999716e+01 3.117881642666666764e+01 2.866666666666666785e+01
5.064764272333334105e+01 1.033333333333333393e+01 4.027872729333333268e+01
4.566666666666666430e+01 9.666666666666666075e+00 3.444896711333333883e+01
2.626689722666666782e+01 3.833333333333333570e+01 2.738306459000000004e+01
3.233333333333333570e+01 3.613764527333333376e+01 3.712058911333333100e+01
1.733333333333333215e+01 3.966666666666666430e+01 4.054944119333333674e+01
3.242875573999999972e+01 1.474122355999999989e+01 3.766666666666666430e+01
1.733333333333333215e+01 4.935854207666667293e+01 4.066666666666666430e+01
2.373579605000000115e+01 8.378088556666666520e+00 3.718210049666666350e+01
3.733333333333333570e+01 3.385457285333333033e+01 2.545796962999999735e+01
2.426379215999999772e+01 4.033333333333333570e+01 3.832040981333333463e+01
1.938341116999999869e+01 4.371318442000000459e+01 4.066666666666666430e+01
4.566666666666666430e+01 2.133333333333333215e+01 4.162561966333333885e+01
4.433333333333333570e+01 3.476137393333333847e+01 3.066666666666666785e+01
2.866666666666666785e+01 7.473850263333332578e+00 2.533333333333333215e+01
2.697428272000000149e+01 4.133333333333333570e+01 3.471049777666666358e+01
2.468546535666666841e+01 2.533333333333333215e+01 2.170189750333333123e+01
4.074607598333333414e+01 2.033333333333333215e+01 4.196366986333332960e+01
2.333333333333333215e+01 3.456502193000000034e+01 3.686463504000000313e+01
2.466666666666666785e+01 1.333333333333333393e+01 2.871438512000000287e+01
3.333333333333333570e+01 2.933333333333333215e+01 2.160650556999999949e+01
3.033333333333333215e+01 3.215201293333333155e+01 2.283920984999999959e+01
1.955870952333333435e+01 5.166666666666666430e+01 2.766666666666666785e+01
1.112536925333333215e+01 3.183168997666666655e+01 3.862142986333333283e+01
5.238533220000000057e+01 2.233333333333333215e+01 3.733333333333333570e+01
1.533333333333333393e+01 4.286772815333333142e+01 2.306393750999999881e+01
1.190318739333333298e+01 4.566666666666666430e+01 3.833018360999999885e+01
3.333333333333333570e+01 1.966666666666666785e+01 4.250964758666666654e+01
6.873186570000000550e+00 3.445242380333333898e+01 2.966666666666666785e+01
1.766666666666666785e+01 3.733333333333333570e+01 2.246348981333333583e+01
1.966666666666666785e+01 3.355502766333333398e+01 3.762797167333333448e+01
1.420726926666666579e+01 3.551188355333333391e+01 2.205595000666666650e+01
4.633333333333333570e+01 1.045836367999999972e+01 2.916882571666666379e+01
3.533333333333333570e+01 1.647041738333333072e+01 2.266666666666666785e+01
5.132951288000000289e+01 1.566666666666666607e+01 4.018122726000000000e+01
3.623943529999999669e+01 3.615044138666667095e+01 2.866666666666666785e+01
3.733333333333333570e+01 2.621444163666666682e+01 4.204518088333333026e+01
1.758754075999999955e+01 4.647829912333332913e+01 4.366666666666666430e+01
1.733333333333333215e+01 4.954005927333333403e+01 2.366666666666666785e+01
4.412310566000000023e+01 1.133333333333333393e+01 2.444272206666666492e+01
2.566666666666666785e+01 1.733333333333333215e+01 4.274853272999999376e+01
2.633333333333333215e+01 1.166666666666666607e+01 2.061229635666666482e+01
2.833333333333333215e+01 1.866666666666666785e+01 2.024860687666666692e+01
5.033333333333333570e+01 1.366666666666666607e+01 2.969380508666666785e+01
4.366666666666666430e+01 3.156980539333333624e+01 2.421769941666666526e+01
4.033333333333333570e+01 1.480247070333333248e+01 3.755638249666666439e+01
1.656268143333333498e+01 5.166666666666666430e+01 3.767438649333333700e+01
2.258919869666667068e+01 3.066666666666666785e+01 2.588776435666666842e+01
2.966666666666666785e+01 2.333333333333333215e+01 4.272769624666667454e+01
5.188420201333332926e+01 1.566666666666666607e+01 3.455349664333333237e+01
2.571311515000000369e+01 4.537247278333333611e+01 2.966666666666666785e+01
4.840746714666666861e+01 3.316622971666666331e+01 3.433333333333333570e+01
2.273258700333333238e+01 4.767678867000000054e+01 3.466730393333333637e+01
2.188703363999999851e+01 4.634600319666666479e+01 4.033333333333333570e+01
2.551922582333333267e+01 1.266666666666666607e+01 3.404533565999999922e+01
3.133333333333333215e+01 1.458860742333333427e+01 3.166666666666666785e+01
2.833333333333333215e+01 1.266666666666666607e+01 4.233560454333333922e+01
5.291890277666666975e+01 2.039779729999999702e+01 3.033333333333333215e+01
3.233333333333333570e+01 2.566666666666666785e+01 2.036441684666666774e+01
4.461168872999999735e+01 3.414289119666667460e+01 3.466666666666666430e+01
2.966666666666666785e+01 3.715021872666667235e+01 2.733333333333333215e+01
4.107679423999999813e+01 1.298100956333333222e+01 3.166666666666666785e+01
1.533333333333333393e+01 3.121717259000000055e+01 2.664584812666666380e+01
2.333333333333333215e+01 4.056528358333333273e+01 2.416888799666666543e+01
1.766666666666666785e+01 3.076403303666666389e+01 3.333333333333333570e+01
5.078814417999999620e+01 1.366666666666666607e+01 2.224233943999999852e+01
2.294344771999999821e+01 1.275143687666666636e+01 2.193508224333332990e+01
2.179025346000000241e+01 2.233333333333333215e+01 2.433333333333333215e+01
3.866666666666666430e+01 2.533333333333333215e+01 2.078659839333333181e+01
3.866666666666666430e+01 3.179668286333333072e+01 3.872597519666666699e+01
3.165123189333333187e+01 1.266666666666666607e+01 2.466666666666666785e+01
1.015014489666666719e+01 4.433637423999999783e+01 2.866666666666666785e+01
7.290969763333333020e+00 3.733333333333333570e+01 3.833333333333333570e+01
2.962409834666666697e+01 7.798786543333332766e+00 3.733333333333333570e+01
5.170332659999999692e+01 8.666666666666666075e+00 3.744490033999999667e+01
5.136194350333332892e+01 1.133333333333333393e+01 3.433902932333333524e+01
2.637086639666666699e+01 1.582939247666666738e+01 3.133333333333333215e+01
2.157643431666666700e+01 1.977318642333333187e+01 3.133333333333333215e+01
3.063849361666666482e+01 1.409660245000000067e+01 2.173188465333333497e+01
3.433333333333333570e+01 1.646225814333333304e+01 4.066666666666666430e+01
2.209966216999999844e+01 4.467773409000000129e+01 2.372870714333333453e+01
2.329035500666666891e+01 2.366666666666666785e+01 4.060430954000000270e+01
3.366666666666666430e+01 1.409016200333333302e+01 3.459721847333333500e+01
6.635342363333333715e+00 3.666666666666666430e+01 2.666666666666666785e+01
4.661828459333332830e+01 1.464937232333333306e+01 3.051349099666666476e+01
1.971459139666666616e+01 2.633333333333333215e+01 2.833333333333333215e+01
3.333333333333333570e+01 2.984395757333333066e+01 4.096879204666666396e+01
4.933333333333333570e+01 2.466666666666666785e+01 4.046292956666666640e+01
1.666666666666666785e+01 5.166526157999999924e+01 2.933333333333333215e+01
1.733333333333333215e+01 3.458217814333332996e+01 3.975530836000000079e+01
2.666666666666666785e+01 2.233333333333333215e+01 2.053673256333333441e+01
4.866666666666666430e+01 1.833333333333333215e+01 4.138889495333333457e+01
4.766666666666666430e+01 3.312416646999999870e+01 2.752292330666666587e+01
1.133333333333333393e+01 3.666666666666666430e+01 4.115499670666667242e+01
1.133333333333333393e+01 3.074905886333333171e+01 3.366666666666666430e+01
5.472793493333333714e+01 2.566666666666666785e+01 3.166666666666666785e+01
2.866666666666666785e+01 3.463656547000000074e+01 2.458114747000000122e+01
2.375496416333333016e+01 1.066666666666666607e+01 4.133094564333332954e+01
1.266666666666666607e+01 3.064463951000000108e+01 2.833333333333333215e+01
2.674930432666666391e+01 3.472274243666666393e+01 3.743638648333333663e+01
9.927789330000001300e+00 3.361558858666666794e+01 2.326767769999999658e+01
4.436242144666667286e+01 9.333333333333333925e+00 3.733333333333333570e+01
5.247986960666666079e+01 1.933333333333333215e+01 3.333333333333333570e+01
4.033333333333333570e+01 1.692771712000000051e+01 4.109682635333333423e+01
1.466666666666666607e+01 5.071806525000000221e+01 3.533333333333333570e+01
3.966666666666666430e+01 2.813510704666666484e+01 4.117295719333333182e+01
2.874564401666667024e+01 8.731489063333333078e+00 2.245368472666666548e+01
2.062261528333333516e+01 2.366666666666666785e+01 3.666666666666666430e+01
2.376977553666666765e+01 8.486870449999999622e+00 2.566666666666666785e+01
2.766666666666666785e+01 1.133333333333333393e+01 2.888066648000000214e+01
1.187625408333333432e+01 4.840798265333333461e+01 3.433333333333333570e+01
1.991338212333333502e+01 5.083037730333333570e+01 3.466666666666666430e+01
4.666666666666666430e+01 2.333333333333333215e+01 2.151605881333333059e+01
4.637660920666667153e+01 1.133333333333333393e+01 4.088392110000000201e+01
2.833333333333333215e+01 3.770373356333333703e+01 3.066666666666666785e+01
4.566666666666666430e+01 1.633333333333333215e+01 2.173210971000000313e+01
1.029391572666666654e+01 4.366666666666666430e+01 3.666666666666666430e+01
1.433333333333333393e+01 4.066666666666666430e+01 4.041614028333333408e+01
3.033333333333333215e+01 3.041339309333333674e+01 4.086996108333332955e+01
2.666666666666666785e+01 2.233333333333333215e+01 4.243105997333333335e+01
2.366666666666666785e+01 2.833333333333333215e+01 3.950421657999999780e+01
2.391828545666666628e+01 3.766666666666666430e+01 2.529615883666666676e+01
2.264370512000000346e+01 1.833333333333333215e+01 2.233333333333333215e+01
1.162174999333333325e+01 4.133333333333333570e+01 2.322479415666666469e+01
3.371168268333332918e+01 1.382723618333333349e+01 2.966666666666666785e+01
1.720336202666666736e+01 4.513779230666666109e+01 2.227469038666666634e+01
2.133333333333333215e+01 3.466666666666666430e+01 2.543060068333333490e+01
4.133333333333333570e+01 1.966666666666666785e+01 2.116248084000000063e+01
1.433333333333333393e+01 3.043985616666666871e+01 3.366666666666666430e+01
4.933333333333333570e+01 7.256673953333333316e+00 2.566666666666666785e+01
2.653874280666666507e+01 4.133333333333333570e+01 2.733333333333333215e+01
2.225153851333333321e+01 1.233333333333333393e+01 3.933333333333333570e+01
2.655668237000000076e+01 6.984289033333332952e+00 3.733333333333333570e+01
2.533333333333333215e+01 1.866666666666666785e+01 2.039340418333333460e+01
3.266666666666666430e+01 3.320993576333333408e+01 3.928276054666667250e+01
9.543619739999998686e+00 3.188633866666667060e+01 2.733333333333333215e+01
5.347153219666666502e+01 2.766666666666666785e+01 3.429346738000000272e+01
3.366666666666666430e+01 3.716998301999999654e+01 3.233333333333333570e+01
4.166666666666666430e+01 1.496337388000000068e+01 2.578604368000000235e+01
5.145440819000000232e+01 1.066666666666666607e+01 2.831717925666666602e+01
2.228292741333333637e+01 2.033333333333333215e+01 3.966666666666666430e+01
2.926308336333333315e+01 9.669626110000001162e+00 4.116803378000000180e+01
1.850822291000000064e+01 5.466666666666666430e+01 2.725767664999999695e+01
8.666666666666666075e+00 3.857446924666666632e+01 2.348711858000000063e+01
4.466666666666666430e+01 3.328705533666666838e+01 2.633333333333333215e+01
1.466666666666666607e+01 3.329346072333333240e+01 3.982633500666666748e+01
7.421160866666666855e+00 3.433333333333333570e+01 3.766666666666666430e+01
2.460674246666666320e+01 3.133333333333333215e+01 3.825581082666666788e+01
5.120551800333333148e+01 2.950837438000000290e+01 2.633333333333333215e+01
3.133333333333333215e+01 1.465693669000000021e+01 2.767013263000000123e+01
5.043452716333333541e+01 3.130948314333333471e+01 3.533333333333333570e+01
2.211102098000000282e+01 4.715892181666666971e+01 2.675632127666666804e+01
2.051480008999999782e+01 2.866666666666666785e+01 3.566666666666666430e+01
3.333333333333333570e+01 3.655960578666665839e+01 2.666666666666666785e+01
2.019940705333333497e+01 4.939637777666666807e+01 2.166666666666666785e+01
2.833333333333333215e+01 2.466666666666666785e+01 2.048561156999999966e+01
2.557136236333333201e+01 4.366666666666666430e+01 3.549325161333333511e+01
4.233333333333333570e+01 3.468725378333333964e+01 3.266666666666666430e+01
7.552764096666666482e+00 3.933333333333333570e+01 2.666666666666666785e+01
2.335738637666666762e+01 3.766666666666666430e+01 3.820322766666666325e+01
3.666666666666666430e+01 2.033333333333333215e+01 4.237316647000000103e+01
4.066666666666666430e+01 1.337803131333333262e+01 3.466666666666666430e+01
3.633333333333333570e+01 1.319047637666666617e+01 3.466666666666666430e+01
5.052258780666667093e+01 3.223606462999999422e+01 3.233333333333333570e+01
3.666666666666666430e+01 1.353823604333333464e+01 2.733333333333333215e+01
5.136940934333333075e+01 2.033333333333333215e+01 2.369954320333333442e+01
4.866666666666666430e+01 2.866666666666666785e+01 2.329936161999999911e+01
2.033333333333333215e+01 4.584823984333333868e+01 4.415091874333332811e+01
1.866666666666666785e+01 4.577318289000000817e+01 1.963184093666666641e+01
4.941929059666666291e+01 7.094125706666666531e+00 3.733333333333333570e+01
3.744160561000000342e+01 3.166666666666666785e+01 2.373963848666666721e+01
3.833333333333333570e+01 3.475052686000000080e+01 3.538532409333333106e+01
1.734585570000000132e+01 3.473218209333333562e+01 2.333333333333333215e+01
2.209470067999999898e+01 1.466666666666666607e+01 3.766666666666666430e+01
1.161560360333333364e+01 4.833333333333333570e+01 3.133333333333333215e+01
4.376426890666666480e+01 1.416469602333333455e+01 3.033333333333333215e+01
3.630810584333332969e+01 3.625089824333333155e+01 3.166666666666666785e+01
4.466666666666666430e+01 2.633333333333333215e+01 2.145689791333333218e+01
2.766666666666666785e+01 3.233333333333333570e+01 2.341870589333333541e+01
2.633333333333333215e+01 1.066666666666666607e+01 4.222502717666666427e+01
5.374679679999999848e+01 2.366666666666666785e+01 2.966666666666666785e+01
7.740653749999999889e+00 3.566666666666666430e+01 2.379179921666666431e+01
6.841154703333333309e+00 3.860050589333332738e+01 3.333333333333333570e+01
4.933333333333333570e+01 1.566666666666666607e+01 3.252249903666666597e+01
2.827858552333333364e+01 8.810913333333333597e+00 2.812297592999999907e+01
2.133333333333333215e+01 4.233333333333333570e+01 3.940050476999999773e+01
4.833333333333333570e+01 1.966666666666666785e+01 2.167579869666666426e+01
2.933333333333333215e+01 3.548418834333333649e+01 3.777247281000000356e+01
3.466666666666666430e+01 2.633333333333333215e+01 4.229661908666666648e+01
4.366666666666666430e+01 2.633333333333333215e+01 4.157567837333333216e+01
1.266666666666666607e+01 3.041157642333333300e+01 3.133333333333333215e+01
4.633333333333333570e+01 3.438407702666666665e+01 3.266666666666666430e+01
4.733333333333333570e+01 7.459105899999999956e+00 3.533333333333333570e+01
1.672655571666666674e+01 5.233333333333333570e+01 3.461413695666666968e+01
4.766666666666666430e+01 9.333333333333333925e+00 2.263438074000000100e+01
2.866666666666666785e+01 1.533333333333333393e+01 2.051381325666666555e+01
1.466666666666666607e+01 3.330987357333333421e+01 2.339996363000000201e+01
5.286135299333333393e+01 2.533333333333333215e+01 3.642834092333333729e+01
1.917246908333333621e+01 2.466666666666666785e+01 3.066666666666666785e+01
3.833333333333333570e+01 1.249541451999999886e+01 3.166666666666666785e+01
4.449686295666666069e+01 1.033333333333333393e+01 2.733333333333333215e+01
2.552157615666666857e+01 2.777884487000000036e+01 2.192971385666666606e+01
4.166666666666666430e+01 3.207301121666666432e+01 3.816413148999999549e+01
4.533333333333333570e+01 2.866666666666666785e+01 2.235852653000000245e+01
5.206607640333333364e+01 9.816068963333334452e+00 2.484659108333333322e+01
4.033333333333333570e+01 2.766666666666666785e+01 2.155137421666666953e+01
1.549113793333333433e+01 4.766666666666666430e+01 2.266666666666666785e+01
4.233333333333333570e+01 1.743241889333333461e+01 2.187380988666666681e+01
3.966666666666666430e+01 1.673033553000000140e+01 2.235518855666666482e+01
8.282669190000000015e+00 3.250768534000000187e+01 3.166666666666666785e+01
8.889293346666667262e+00 3.914194805999999716e+01 3.912104946000000183e+01
3.633333333333333570e+01 2.633333333333333215e+01 2.081150733999999503e+01
2.708564728666666710e+01 3.904833921333332825e+01 3.362038792333333248e+01
3.366666666666666430e+01 1.880336337666666680e+01 2.082187332333333174e+01
4.964892065999999460e+01 2.566666666666666785e+01 2.279058860000000308e+01
5.139102952999999729e+01 1.866666666666666785e+01 3.966666666666666430e+01
3.133333333333333215e+01 1.966666666666666785e+01 2.044070258000000351e+01
4.533333333333333570e+01 2.866666666666666785e+01 4.051923404333333423e+01
1.964651971000000330e+01 2.433333333333333215e+01 3.433333333333333570e+01
2.214266597333333308e+01 1.833333333333333215e+01 3.733333333333333570e+01
3.133333333333333215e+01 1.460097696999999961e+01 3.531886475666666314e+01
4.333333333333333570e+01 2.166666666666666785e+01 2.117991121333333027e+01
4.133333333333333570e+01 3.281830854666666397e+01 2.544444436333333215e+01
4.933333333333333570e+01 1.066666666666666607e+01 2.961390725666666768e+01
2.869888152333333053e+01 3.042946640999999985e+01 2.210944903333333400e+01
5.316362628999999629e+01 2.911162306666666666e+01 3.133333333333333215e+01
1.633333333333333215e+01 4.066666666666666430e+01 2.253671762999999828e+01
2.242495730666666631e+01 4.966666666666666430e+01 3.236003598333333997e+01
2.455268467999999871e+01 3.233333333333333570e+01 2.522939391999999614e+01
4.833333333333333570e+01 9.666666666666666075e+00 4.074675005000000283e+01
3.510246770666666549e+01 3.136819225666666355e+01 3.981990923000000038e+01
5.338172928666666195e+01 2.566666666666666785e+01 2.766666666666666785e+01
4.433333333333333570e+01 1.866666666666666785e+01 4.153617999000000083e+01
2.343691146999999830e+01 1.566666666666666607e+01 2.117316538999999764e+01
3.533333333333333570e+01 3.517975036666666711e+01 2.578842842666666613e+01
2.525484644666666512e+01 3.966666666666666430e+01 2.555005604999999846e+01
3.971173268666666445e+01 2.586865033999999852e+01 4.197519593666666538e+01
1.121898757666666491e+01 4.635670369999999707e+01 2.666666666666666785e+01
5.055984125666666529e+01 2.671002137000000332e+01 3.919848547666666860e+01
2.157848710000000025e+01 5.018423941000000355e+01 3.015961710999999923e+01
4.591407679000000286e+01 1.366666666666666607e+01 4.105643659666666423e+01
2.625909143333333517e+01 3.966666666666666430e+01 3.624567922333333314e+01
5.217239747666666716e+01 1.366666666666666607e+01 2.766666666666666785e+01
1.115535506999999882e+01 4.333333333333333570e+01 2.441445012333333509e+01
1.766666666666666785e+01 4.979536330666666544e+01 2.133333333333333215e+01
2.955372807666666901e+01 1.266666666666666607e+01 2.816004549666666890e+01
3.936266993000000269e+01 3.483429020999999892e+01 2.866666666666666785e+01
2.866666666666666785e+01 3.710064403333333161e+01 3.532762144333333509e+01
1.466666666666666607e+01 4.533333333333333570e+01 2.355471829333333389e+01
1.933333333333333215e+01 4.033333333333333570e+01 2.285203814333333128e+01
3.633333333333333570e+01 1.570416215333333376e+01 3.966666666666666430e+01
1.966666666666666785e+01 4.947625223333333366e+01 4.033333333333333570e+01
4.866666666666666430e+01 1.133333333333333393e+01 2.188042609666666749e+01
4.533333333333333570e+01 2.366666666666666785e+01 4.172383898999999730e+01
3.233333333333333570e+01 2.366666666666666785e+01 4.279460244666666568e+01
5.233103218000000112e+01 1.633333333333333215e+01 2.633333333333333215e+01
1.633333333333333215e+01 5.169256823999999284e+01 3.166666666666666785e+01
1.766666666666666785e+01 3.054455235333333363e+01 3.033333333333333215e+01
2.066666666666666785e+01 3.966666666666666430e+01 3.984581155333333413e+01
4.254783470333332929e+01 1.474149224333333308e+01 3.833333333333333570e+01
1.844574790666666786e+01 5.166666666666666430e+01 2.528734086666666769e+01
2.185013864666666450e+01 4.666666666666666430e+01 2.233333333333333215e+01
8.159974289999999186e+00 4.053683029666666471e+01 3.333333333333333570e+01
2.033333333333333215e+01 3.133333333333333215e+01 2.727451882333333444e+01
2.866666666666666785e+01 1.033333333333333393e+01 3.453586147000000750e+01
1.233333333333333393e+01 4.266666666666666430e+01 3.944227743666666441e+01
3.966666666666666430e+01 2.233333333333333215e+01 4.221823391333332864e+01
4.347612601666666166e+01 1.333333333333333393e+01 2.533333333333333215e+01
5.185617437666667229e+01 1.333333333333333393e+01 3.952832859333333460e+01
2.172032172333333122e+01 2.366666666666666785e+01 3.866666666666666430e+01
2.076548759666666299e+01 2.333333333333333215e+01 2.633333333333333215e+01
2.733333333333333215e+01 1.466666666666666607e+01 4.276083231666666506e+01
1.173933264000000065e+01 4.733333333333333570e+01 3.633333333333333570e+01
1.433333333333333393e+01 4.566666666666666430e+01 3.931161008333333484e+01
2.279374959666666811e+01 2.733333333333333215e+01 2.368097835333333023e+01
5.146525984333333525e+01 2.366666666666666785e+01 2.433333333333333215e+01
2.373545980666666821e+01 1.633333333333333215e+01 4.210181784000000249e+01
1.833333333333333215e+01 3.209991033000000016e+01 3.651735580999999797e+01
3.049687176666666844e+01 8.758197470000000706e+00 2.566666666666666785e+01
2.466666666666666785e+01 1.333333333333333393e+01 2.058500892666666715e+01
3.733333333333333570e+01 2.166666666666666785e+01 2.061972128999999754e+01
1.932203593333333558e+01 5.166666666666666430e+01 3.666666666666666430e+01
2.033333333333333215e+01 3.130628674666666811e+01 3.577033430666666902e+01
2.466666666666666785e+01 1.066666666666666607e+01 3.460087513333333931e+01
4.666666666666666430e+01 1.733333333333333215e+01 4.157417324000000036e+01
2.181413157000000069e+01 4.877041646666666708e+01 2.828531408000000269e+01
5.251795577000000748e+01 2.033333333333333215e+01 3.633333333333333570e+01
1.833333333333333215e+01 3.766666666666666430e+01 4.043598885666666831e+01
5.360859289999999788e+01 2.433333333333333215e+01 3.433333333333333570e+01
4.766666666666666430e+01 2.033333333333333215e+01 4.129745139333333270e+01
3.133333333333333215e+01 1.866666666666666785e+01 4.242496457333333382e+01
6.548327319999999396e+00 3.666666666666666430e+01 3.566666666666666430e+01
3.866666666666666430e+01 1.330697829333333537e+01 3.566666666666666430e+01
2.229537466666666390e+01 1.433333333333333393e+01 4.033333333333333570e+01
2.766666666666666785e+01 2.433333333333333215e+01 4.241513914999999457e+01
2.513580921000000146e+01 4.223032982666666868e+01 3.713733583666666505e+01
1.633333333333333215e+01 3.271399697333333734e+01 2.474649718000000220e+01
1.641071801333333369e+01 4.536516712000000240e+01 4.066666666666666430e+01
2.368702028000000226e+01 1.366666666666666607e+01 3.484956630333333294e+01
4.564092821666665856e+01 8.457293233333333049e+00 2.766666666666666785e+01
5.233861190666666374e+01 1.133333333333333393e+01 3.633333333333333570e+01
5.153659567666667130e+01 9.333333333333333925e+00 3.533333333333333570e+01
2.533333333333333215e+01 1.540241091666666762e+01 2.915954019999999858e+01
2.218921021999999610e+01 2.866666666666666785e+01 3.773812929666667060e+01
4.466666666666666430e+01 1.442064522333333265e+01 3.233333333333333570e+01
1.366666666666666607e+01 4.822832648333334049e+01 2.485313722666666436e+01
1.624512817333333103e+01 3.094706137999999740e+01 2.869646811666666508e+01
2.200804520333333514e+01 1.533333333333333393e+01 2.442917281000000074e+01
3.133333333333333215e+01 2.566666666666666785e+01 4.261286421333333152e+01
3.833333333333333570e+01 1.512559094333333398e+01 3.851567615666666455e+01
2.633333333333333215e+01 1.466666666666666607e+01 3.370040094000000153e+01
3.833333333333333570e+01 1.410250363333333290e+01 2.603579448666666352e+01
2.360385700333333148e+01 4.266666666666666430e+01 2.470469503333333350e+01
2.333333333333333215e+01 4.233333333333333570e+01 3.846411377333333093e+01
5.229559900666667005e+01 2.761666263666666410e+01 2.633333333333333215e+01
3.633333333333333570e+01 1.548969423666666678e+01 2.433333333333333215e+01
2.327534694333333221e+01 3.566666666666666430e+01 2.583866399666666780e+01
2.045496181666666402e+01 2.133333333333333215e+01 3.033333333333333215e+01
3.933333333333333570e+01 3.226172473333333102e+01 2.460125822000000184e+01
2.133333333333333215e+01 3.566666666666666430e+01 3.836417824666666121e+01
4.166666666666666430e+01 2.566666666666666785e+01 2.109803012000000066e+01
4.833333333333333570e+01 3.221367078333333467e+01 3.626731990333333755e+01
4.766666666666666430e+01 9.333333333333333925e+00 3.372554089999999860e+01
1.537754123000000028e+01 3.833333333333333570e+01 4.092915738666666670e+01
2.248708967666666680e+01 1.066666666666666607e+01 3.766666666666666430e+01
4.066666666666666430e+01 3.066666666666666785e+01 3.943841459666666793e+01
2.766666666666666785e+01 1.333333333333333393e+01 2.040157852333333111e+01
9.853360026666665661e+00 4.364838363000000498e+01 3.366666666666666430e+01
2.633333333333333215e+01 9.666666666666666075e+00 2.137782647333332875e+01
2.348566805666666824e+01 2.633333333333333215e+01 4.024576137999999759e+01
1.933333333333333215e+01 3.566666666666666430e+01 3.944038503666666884e+01
2.733333333333333215e+01 2.766666666666666785e+01 4.162358983333333384e+01
4.266666666666666430e+01 3.388523968999999880e+01 3.551430322666666939e+01
1.933333333333333215e+01 4.468034730666666832e+01 4.266666666666666430e+01
2.866666666666666785e+01 2.133333333333333215e+01 2.030557725666666613e+01
3.066666666666666785e+01 2.133333333333333215e+01 4.274232962666667390e+01
1.971823342000000068e+01 3.524938981999999754e+01 2.416467791666666542e+01
1.288661199666666590e+01 5.015142808333333591e+01 3.333333333333333570e+01
9.112247670000000355e+00 3.308851041333333143e+01 3.888674401000000103e+01
1.592208398000000180e+01 5.340166314666666381e+01 2.633333333333333215e+01
5.038709384333333219e+01 8.230358320000000560e+00 3.904373415999999963e+01
5.187364746333333443e+01 2.033333333333333215e+01 3.846326044666667343e+01
2.675933191999999750e+01 4.366666666666666430e+01 3.033333333333333215e+01
2.681188928666666627e+01 2.949244747999999916e+01 2.208622546333333503e+01
2.430805841000000100e+01 1.133333333333333393e+01 2.118302713333333287e+01
1.733333333333333215e+01 3.186679656333333455e+01 2.674227200999999710e+01
1.574411381333333360e+01 4.832967571333333012e+01 3.933333333333333570e+01
4.666666666666666430e+01 3.238622385333334108e+01 2.583414396666666946e+01
3.266666666666666430e+01 3.266666666666666430e+01 2.331686969999999803e+01
4.936625405333333561e+01 3.271992011000000389e+01 2.866666666666666785e+01
3.666666666666666430e+01 3.478330795666666830e+01 3.664155891000000054e+01
4.766666666666666430e+01 7.823084930000000270e+00 2.815593708666666828e+01
1.766666666666666785e+01 5.333333333333333570e+01 3.825341968000000037e+01
2.066666666666666785e+01 4.648464421666667334e+01 1.888001514666666480e+01
4.233333333333333570e+01 2.166666666666666785e+01 4.191468476333333371e+01
4.923409688999999645e+01 3.020656110666666905e+01 2.480555467666666303e+01
3.966666666666666430e+01 3.481488870666666458e+01 3.366666666666666430e+01
4.133333333333333570e+01 1.358947425666666753e+01 2.866666666666666785e+01
2.666666666666666785e+01 1.065958326666666700e+01 3.407922315666666435e+01
2.133333333333333215e+01 4.233333333333333570e+01 2.361511814333332993e+01
3.533333333333333570e+01 2.988970553000000052e+01 2.218227939000000148e+01
2.181861510333333243e+01 4.431759250333333711e+01 3.969281723666666295e+01
4.472512349666666154e+01 8.839601763333332585e+00 2.533333333333333215e+01
1.933333333333333215e+01 4.833333333333333570e+01 4.470045587999999981e+01
2.161935096000000200e+01 4.666666666666666430e+01 4.266666666666666430e+01
2.554529814666666709e+01 3.311822375333333213e+01 3.787274304666666325e+01
1.133333333333333393e+01 3.866666666666666430e+01 4.069957926666666737e+01
2.196591162333333003e+01 2.016230757333333301e+01 2.441990334999999845e+01
4.866666666666666430e+01 7.900718460000000221e+00 2.370251845333332952e+01
4.166666666666666430e+01 3.127522293333333536e+01 2.389427141999999904e+01
2.829792603333332934e+01 3.155537166666666948e+01 4.012047639000000032e+01
5.216404326333333330e+01 1.066666666666666607e+01 3.825105045000000104e+01
3.566666666666666430e+01 3.333333333333333570e+01 2.440846458999999768e+01
3.333333333333333570e+01 1.379323045999999842e+01 3.166666666666666785e+01
2.935890702666666741e+01 1.495431164333333385e+01 3.133333333333333215e+01
2.441111066333333213e+01 4.533333333333333570e+01 3.537287986666666484e+01
