2.766666666666666785e+01 1.133333333333333393e+01 2.888066648000000214e+01
8.555960013333333336e+00 3.842621774333333207e+01 3.933333333333333570e+01
2.609605788000000004e+01 4.534638781333333668e+01 3.166666666666666785e+01
2.666666666666666785e+01 1.233333333333333393e+01 2.046151269666666650e+01
5.273476199999999636e+01 2.867085751666666837e+01 2.833333333333333215e+01
2.555196693333333258e+01 3.833333333333333570e+01 3.666666666666666430e+01
2.733333333333333215e+01 1.066666666666666607e+01 2.886933718333333232e+01
2.866666666666666785e+01 7.552272996666665961e+00 2.433333333333333215e+01
4.333333333333333570e+01 1.966666666666666785e+01 2.129613516333333223e+01
2.033930557333333411e+01 3.033333333333333215e+01 2.757772285000000068e+01
5.144327123333332707e+01 2.433333333333333215e+01 2.433333333333333215e+01
2.364246282666666943e+01 1.933333333333333215e+01 2.130345897999999849e+01
5.246656185666666516e+01 1.333333333333333393e+01 2.533333333333333215e+01
1.028837307333333406e+01 3.123294582666666841e+01 3.466666666666666430e+01
2.433333333333333215e+01 1.533333333333333393e+01 2.869599333333333391e+01
2.233333333333333215e+01 3.366666666666666430e+01 2.625121260666666601e+01
1.933333333333333215e+01 3.933333333333333570e+01 4.021019898333333487e+01
5.043471103666666977e+01 1.266666666666666607e+01 4.086522755000000018e+01
3.154518837333333181e+01 1.433333333333333393e+01 3.633333333333333570e+01
4.933333333333333570e+01 1.366666666666666607e+01 4.134234454333333275e+01
3.933333333333333570e+01 1.611501567666666901e+01 2.310791257666666709e+01
1.933333333333333215e+01 3.866666666666666430e+01 2.276455239999999947e+01
1.766666666666666785e+01 3.215525851666666313e+01 2.636942154999999843e+01
1.966666666666666785e+01 3.233333333333333570e+01 3.635439800666666343e+01
2.414808335333333389e+01 8.153537116666667472e+00 2.566666666666666785e+01
3.533333333333333570e+01 1.578665852333333142e+01 3.966666666666666430e+01
7.757012450000000392e+00 3.963370839999999617e+01 3.566666666666666430e+01
4.661828459333332830e+01 1.464937232333333306e+01 3.051349099666666476e+01
2.733333333333333215e+01 7.158030193333332569e+00 3.662744839000000496e+01
5.128118925999999789e+01 8.715746060000000739e+00 2.466666666666666785e+01
4.466666666666666430e+01 3.150349781333333610e+01 2.429069409999999962e+01
2.466666666666666785e+01 1.233333333333333393e+01 3.433717682666667059e+01
1.733333333333333215e+01 3.666666666666666430e+01 4.056823527333332891e+01
5.233175435000000419e+01 1.766666666666666785e+01 3.666666666666666430e+01
2.966666666666666785e+01 3.610769458000000043e+01 3.723750187666666989e+01
3.666666666666666430e+01 1.275675438666666572e+01 3.333333333333333570e+01
3.466666666666666430e+01 1.866666666666666785e+01 4.225214057333332818e+01
7.178303136666666973e+00 3.879097294333333679e+01 3.566666666666666430e+01
2.639439133000000126e+01 1.582505884666666596e+01 3.233333333333333570e+01
1.978000070999999949e+01 2.866666666666666785e+01 2.837557739000000012e+01
1.022073567999999888e+01 3.120640456666666651e+01 3.066666666666666785e+01
2.066666666666666785e+01 3.389702175000000040e+01 2.569043725666666589e+01
2.615579318333333347e+01 3.966666666666666430e+01 2.665243103333333252e+01
2.019235966999999832e+01 4.954075582666666833e+01 3.673113579000000328e+01
1.533333333333333393e+01 3.566666666666666430e+01 4.078942122333333486e+01
1.266666666666666607e+01 3.433333333333333570e+01 2.229821670000000111e+01
4.366666666666666430e+01 3.313867936999999841e+01 2.591396272333333073e+01
2.766666666666666785e+01 2.033333333333333215e+01 4.271673960666667114e+01
2.533333333333333215e+01 7.344484539999999839e+00 3.866666666666666430e+01
4.933333333333333570e+01 1.266666666666666607e+01 2.983932593333333827e+01
4.556755023666666915e+01 1.033333333333333393e+01 4.009099125000000186e+01
1.833333333333333215e+01 4.480655901333333446e+01 2.142700376999999889e+01
1.666666666666666785e+01 4.972782851333332843e+01 2.507893374666666730e+01
2.459936524333333452e+01 4.266666666666666430e+01 3.738514140333332847e+01
3.966666666666666430e+01 1.336781098333333340e+01 3.533333333333333570e+01
8.300451790000000329e+00 4.079430608333333197e+01 3.166666666666666785e+01
4.233333333333333570e+01 2.954462035666666608e+01 4.019381161000000446e+01
2.249144089666667057e+01 1.566666666666666607e+01 2.666666666666666785e+01
8.485592139999999617e+00 3.879517486666666315e+01 2.382045191333333278e+01
1.333333333333333393e+01 4.560059992000000051e+01 2.389438699666666821e+01
1.675334173333333254e+01 5.422948558333333580e+01 3.733333333333333570e+01
5.181878497999999666e+01 2.133333333333333215e+01 3.842094277333333707e+01
4.527742077333332560e+01 8.172935096666666510e+00 2.533333333333333215e+01
4.133333333333333570e+01 2.433333333333333215e+01 2.095489667000000011e+01
2.633333333333333215e+01 2.066666666666666785e+01 4.257149695333333739e+01
3.152739972333333185e+01 1.466666666666666607e+01 2.266666666666666785e+01
5.043452716333333541e+01 3.130948314333333471e+01 3.533333333333333570e+01
4.166666666666666430e+01 3.478536469000000153e+01 3.133333333333333215e+01
2.559694663666666870e+01 2.433333333333333215e+01 2.113339360999999883e+01
4.366666666666666430e+01 1.566666666666666607e+01 2.263622215333333543e+01
4.733333333333333570e+01 1.766666666666666785e+01 4.158834604666666479e+01
4.833919473333332917e+01 3.033333333333333215e+01 3.848234948000000344e+01
3.633333333333333570e+01 2.566666666666666785e+01 4.226814328666666398e+01
3.066666666666666785e+01 3.229854543666666444e+01 2.292311025666666424e+01
1.046438181999999983e+01 4.166666666666666430e+01 3.866666666666666430e+01
2.466666666666666785e+01 1.133333333333333393e+01 3.446457307000000725e+01
1.833333333333333215e+01 3.110442697666666945e+01 3.458447171666666975e+01
2.433333333333333215e+01 2.461475833666666801e+01 2.176203957333332895e+01
5.441913445999998800e+01 2.766666666666666785e+01 3.166666666666666785e+01
2.178866451666666748e+01 1.957868961333333502e+01 3.066666666666666785e+01
4.326579555000000710e+01 1.391630804999999960e+01 3.066666666666666785e+01
2.346353946333333340e+01 2.333333333333333215e+01 4.084207921999999513e+01
1.737294623666666737e+01 4.866666666666666430e+01 1.925339761000000038e+01
3.833333333333333570e+01 1.442689485333333188e+01 2.566666666666666785e+01
3.633333333333333570e+01 3.520398719333333304e+01 3.627699372333333372e+01
5.060528923000000390e+01 2.844673517000000018e+01 2.466666666666666785e+01
2.611240117333333544e+01 4.448747113333333658e+01 2.933333333333333215e+01
4.233333333333333570e+01 3.249599640333332928e+01 3.767591583999999472e+01
3.766666666666666430e+01 1.660172359333333247e+01 2.233333333333333215e+01
8.253851106666667548e+00 3.533333333333333570e+01 2.335036509333333399e+01
2.633333333333333215e+01 3.733333333333333570e+01 3.564011643999999990e+01
2.738130688000000035e+01 4.066666666666666430e+01 2.966666666666666785e+01
1.466666666666666607e+01 3.041481924333332998e+01 3.233333333333333570e+01
2.233491881999999862e+01 1.466666666666666607e+01 2.266666666666666785e+01
4.733333333333333570e+01 3.048390048666666630e+01 3.881273829333333225e+01
5.382869602666666964e+01 2.666666666666666785e+01 2.859686788333333141e+01
3.133333333333333215e+01 2.566666666666666785e+01 4.261286421333333152e+01
3.172919661333333252e+01 1.433333333333333393e+01 2.333333333333333215e+01
2.451141880000000128e+01 4.539374295333333720e+01 2.766666666666666785e+01
3.418484295999999745e+01 3.341442327333333395e+01 3.885970211000000063e+01
1.566666666666666607e+01 3.176857056000000057e+01 3.757333652999999885e+01
7.510278679999999873e+00 3.866666666666666430e+01 2.533333333333333215e+01
5.155969766666666487e+01 2.633333333333333215e+01 2.466666666666666785e+01
4.533333333333333570e+01 1.966666666666666785e+01 4.160290763999999797e+01
5.033333333333333570e+01 7.478611766666666938e+00 3.666666666666666430e+01
3.022593434666666568e+01 1.233333333333333393e+01 4.138754291000000052e+01
1.938341116999999869e+01 4.371318442000000459e+01 4.066666666666666430e+01
2.681839520333333482e+01 3.833333333333333570e+01 3.433333333333333570e+01
4.233333333333333570e+01 3.306999941000000121e+01 2.580599601666666842e+01
9.333333333333333925e+00 3.666666666666666430e+01 2.240493437666667020e+01
1.276368726333333292e+01 3.842538839333332845e+01 2.205528144999999896e+01
5.176796975666667322e+01 1.266666666666666607e+01 2.835955722666666645e+01
2.931882728333333432e+01 1.366666666666666607e+01 4.208780074666666593e+01
5.209882463000000286e+01 1.158547444999999954e+01 3.866666666666666430e+01
2.063207214666666900e+01 4.407475570666667153e+01 4.133333333333333570e+01
1.959884588666666616e+01 2.566666666666666785e+01 2.866666666666666785e+01
1.653988152666666522e+01 5.320526596999999924e+01 3.527114209333333150e+01
2.666666666666666785e+01 2.033333333333333215e+01 2.035966756333333194e+01
3.033333333333333215e+01 3.014311300666666682e+01 2.184620394999999959e+01
3.441023143333333678e+01 3.690587704333333363e+01 3.330153613333333595e+01
3.133333333333333215e+01 2.666666666666666785e+01 2.052197373666666635e+01
1.537754123000000028e+01 3.833333333333333570e+01 4.092915738666666670e+01
3.533333333333333570e+01 1.469367111333333220e+01 2.583482672666666602e+01
5.133333333333333570e+01 8.367448016666665822e+00 2.646325594666666703e+01
7.157614166666665945e+00 3.633333333333333570e+01 3.835124839666666929e+01
4.840746714666666861e+01 3.316622971666666331e+01 3.433333333333333570e+01
4.666666666666666430e+01 2.233333333333333215e+01 4.147355756333333687e+01
1.816713479666666942e+01 4.989217673333333636e+01 2.333333333333333215e+01
2.233333333333333215e+01 3.468515169999999870e+01 2.583687055666666765e+01
4.333333333333333570e+01 2.266666666666666785e+01 4.190280936333332562e+01
8.518582999999999572e+00 3.974836144666667082e+01 2.479562387666666723e+01
5.131290905333332830e+01 1.666666666666666785e+01 4.016509456666666722e+01
3.333333333333333570e+01 2.951062423999999851e+01 4.115066207000000276e+01
5.233209796666667302e+01 1.066666666666666607e+01 3.666666666666666430e+01
1.466666666666666607e+01 5.124405485666667204e+01 3.333333333333333570e+01
1.890838902666666499e+01 2.933333333333333215e+01 2.956615680666666890e+01
1.366666666666666607e+01 3.080910600333332994e+01 3.633333333333333570e+01
2.423952505333333463e+01 8.113177373333334330e+00 2.433333333333333215e+01
3.366666666666666430e+01 3.678887347333333224e+01 2.733333333333333215e+01
3.633333333333333570e+01 1.270748999666666634e+01 3.166666666666666785e+01
4.733333333333333570e+01 1.666666666666666785e+01 2.144520734666666684e+01
1.266666666666666607e+01 3.838701331333333400e+01 4.092290965333332764e+01
2.039491007333333528e+01 4.919462620666666908e+01 2.233333333333333215e+01
4.452055778333333791e+01 2.803269049333333385e+01 2.200980551333333324e+01
4.333333333333333570e+01 2.266666666666666785e+01 2.112929174333333293e+01
2.274164099666666417e+01 4.672219023333332899e+01 3.567852145666666530e+01
1.971459139666666616e+01 2.633333333333333215e+01 2.833333333333333215e+01
4.333333333333333570e+01 3.424058163333333482e+01 3.466666666666666430e+01
2.277457564666666556e+01 9.666666666666666075e+00 3.766666666666666430e+01
4.866666666666666430e+01 2.633333333333333215e+01 2.238932856666666638e+01
3.066666666666666785e+01 3.675451517666666490e+01 3.633333333333333570e+01
1.233333333333333393e+01 3.866666666666666430e+01 4.082498798999999678e+01
4.166666666666666430e+01 2.133333333333333215e+01 2.108504619666666713e+01
7.364820199999999595e+00 3.366666666666666430e+01 3.466666666666666430e+01
2.186396538666666700e+01 3.715196836666666513e+01 3.892268545333333662e+01
2.766666666666666785e+01 1.508327611666666712e+01 3.345469045333333469e+01
4.433333333333333570e+01 1.766666666666666785e+01 4.135451846000000131e+01
3.866666666666666430e+01 1.251485015333333450e+01 3.133333333333333215e+01
1.066666666666666607e+01 3.537029847333332810e+01 2.202802514333333406e+01
5.191483833666666214e+01 1.933333333333333215e+01 3.853545344666667205e+01
2.179012638666666746e+01 2.479021350333333373e+01 3.862678822000000167e+01
5.370863523666665884e+01 2.833333333333333215e+01 3.045891322999999673e+01
2.304469161000000099e+01 1.749615485666666714e+01 3.487816297999999904e+01
2.437654561666666453e+01 2.666666666666666785e+01 2.216024405666666652e+01
1.566666666666666607e+01 3.176857056000000057e+01 3.757333652999999885e+01
2.566666666666666785e+01 3.446430550999999554e+01 2.575279043000000101e+01
2.516726922333333505e+01 3.866666666666666430e+01 2.581886677999999691e+01
1.624512817333333103e+01 3.094706137999999740e+01 2.869646811666666508e+01
3.666666666666666430e+01 1.353823604333333464e+01 2.733333333333333215e+01
2.766666666666666785e+01 7.333707516666666315e+00 3.633333333333333570e+01
2.186133906999999965e+01 4.681460488666666464e+01 2.433333333333333215e+01
2.833333333333333215e+01 1.166666666666666607e+01 2.869807125666666892e+01
1.933333333333333215e+01 3.566666666666666430e+01 3.944038503666666884e+01
1.977789924666666721e+01 2.866666666666666785e+01 3.461327493333333649e+01
3.533333333333333570e+01 1.384527698333333490e+01 2.743232229333333194e+01
2.633333333333333215e+01 1.966666666666666785e+01 4.267340160333333188e+01
4.166666666666666430e+01 1.331311595333333209e+01 3.033333333333333215e+01
1.951948913333333380e+01 2.333333333333333215e+01 3.033333333333333215e+01
1.890956879666666524e+01 2.633333333333333215e+01 3.133333333333333215e+01
8.133151993333333607e+00 3.633333333333333570e+01 2.324196401000000023e+01
4.874188832999999477e+01 7.012107166666666558e+00 3.788904562333333814e+01
1.004574796333333353e+01 3.566666666666666430e+01 4.092167478999999730e+01
7.201932959999999717e+00 3.426285931999999690e+01 2.733333333333333215e+01
3.033333333333333215e+01 2.866666666666666785e+01 4.166914289333333699e+01
2.433333333333333215e+01 9.489489923333332300e+00 4.118071820333333477e+01
2.172923392666666587e+01 2.333333333333333215e+01 2.433333333333333215e+01
3.266666666666666430e+01 2.833333333333333215e+01 4.171654985333333343e+01
2.345095770000000357e+01 2.133333333333333215e+01 4.124568079333332804e+01
1.985571625666666762e+01 5.059605500333333339e+01 3.566666666666666430e+01
2.264113779333333198e+01 2.166666666666666785e+01 2.272925671666666858e+01
6.809326926666666502e+00 3.812430627666666538e+01 3.566666666666666430e+01
4.766666666666666430e+01 7.213805810000000207e+00 2.533333333333333215e+01
3.169421378666666556e+01 1.333333333333333393e+01 3.933333333333333570e+01
4.816457645999999926e+01 2.133333333333333215e+01 4.110207022666666177e+01
2.466666666666666785e+01 8.650957763333332551e+00 2.731237313333333461e+01
1.766666666666666785e+01 5.160591765666666930e+01 3.808969142333333480e+01
4.933333333333333570e+01 8.111965693333333505e+00 3.961959279666666589e+01
2.209966216999999844e+01 4.467773409000000129e+01 2.372870714333333453e+01
7.804465576666665960e+00 3.733333333333333570e+01 3.920751760999999647e+01
2.866666666666666785e+01 3.433333333333333570e+01 3.852073330666666351e+01
7.655884686666666994e+00 3.333333333333333570e+01 3.533333333333333570e+01
1.266666666666666607e+01 3.733333333333333570e+01 4.114262768666666403e+01
5.163302150000000523e+01 2.866666666666666785e+01 3.666666666666666430e+01
2.456934266666666744e+01 4.733333333333333570e+01 3.259116965999999849e+01
1.187625408333333432e+01 4.840798265333333461e+01 3.433333333333333570e+01
2.138439004333333671e+01 2.970998225333333309e+01 3.633333333333333570e+01
3.733333333333333570e+01 1.258250010333333258e+01 3.266666666666666430e+01
5.152589936333333753e+01 3.129095363333333424e+01 3.133333333333333215e+01
5.433949355000000736e+01 2.566666666666666785e+01 2.966666666666666785e+01
2.254991152666666565e+01 1.833333333333333215e+01 2.733333333333333215e+01
3.366666666666666430e+01 2.533333333333333215e+01 2.037015373999999923e+01
4.566666666666666430e+01 3.436520389333333725e+01 2.933333333333333215e+01
2.960247099999999776e+01 1.533333333333333393e+01 4.211965423666666197e+01
2.666666666666666785e+01 8.540133503333333209e+00 4.118045771333333249e+01
4.243616991999999755e+01 1.518259628999999933e+01 2.433333333333333215e+01
2.466666666666666785e+01 3.133333333333333215e+01 2.455094962333333442e+01
1.052860588333333425e+01 4.533333333333333570e+01 2.833333333333333215e+01
3.666666666666666430e+01 3.411664128999999690e+01 3.743514619999999837e+01
5.182388113333333735e+01 1.566666666666666607e+01 2.361082859000000056e+01
4.166666666666666430e+01 2.566666666666666785e+01 4.187527120000000025e+01
4.833333333333333570e+01 1.266666666666666607e+01 3.307596780666666092e+01
4.366666666666666430e+01 3.474519876333332746e+01 3.233333333333333570e+01
4.933333333333333570e+01 9.666666666666666075e+00 2.252178792666666496e+01
2.823331514666666564e+01 3.456241497333333257e+01 3.818661516333333594e+01
4.709105639000000565e+01 3.304446261999999734e+01 2.693858389666666753e+01
2.582064937666666538e+01 3.318854068666666990e+01 2.488875688333333258e+01
1.084498196666666558e+01 4.666666666666666430e+01 3.166666666666666785e+01
1.466666666666666607e+01 3.042173860333333479e+01 3.133333333333333215e+01
2.210449735999999987e+01 1.366666666666666607e+01 2.366666666666666785e+01
2.636209666000000240e+01 4.466666666666666430e+01 3.066666666666666785e+01
3.174651977333333264e+01 1.366666666666666607e+01 3.766666666666666430e+01
4.133333333333333570e+01 3.330770820333332694e+01 3.666666666666666430e+01
2.466666666666666785e+01 2.433333333333333215e+01 2.152906432666666703e+01
4.933333333333333570e+01 2.466666666666666785e+01 2.251852935000000500e+01
1.333333333333333393e+01 3.231052809333333187e+01 3.940629818000000029e+01
1.060844858666666646e+01 3.114219769333333332e+01 2.866666666666666785e+01
3.126705466333332950e+01 1.233333333333333393e+01 3.675561066666666221e+01
4.633333333333333570e+01 2.666666666666666785e+01 2.171611775666666588e+01
4.638252688333333396e+01 1.451809482666666717e+01 3.264246963333333440e+01
2.137802843666666774e+01 4.766666666666666430e+01 3.866666666666666430e+01
5.224170526666667769e+01 1.866666666666666785e+01 2.933333333333333215e+01
2.466674206000000069e+01 3.089293741000000182e+01 3.858914415999999648e+01
5.033333333333333570e+01 1.165432793333333450e+01 4.076731820000000539e+01
4.372071583333333678e+01 1.366666666666666607e+01 2.733333333333333215e+01
4.133333333333333570e+01 1.866666666666666785e+01 2.135739403999999908e+01
1.533333333333333393e+01 5.145232396666666119e+01 2.966666666666666785e+01
2.566666666666666785e+01 1.624753849333333378e+01 3.133333333333333215e+01
1.732327220999999895e+01 4.733333333333333570e+01 4.381789265666666466e+01
1.333333333333333393e+01 3.033042716999999655e+01 3.166666666666666785e+01
4.966666666666666430e+01 8.333333333333333925e+00 2.846155499333333339e+01
7.313475340000000102e+00 3.633333333333333570e+01 2.433333333333333215e+01
1.233333333333333393e+01 3.079675237666667087e+01 2.766666666666666785e+01
3.733333333333333570e+01 2.166666666666666785e+01 4.239967447000000078e+01
4.633333333333333570e+01 2.866666666666666785e+01 2.249876113000000188e+01
4.466666666666666430e+01 1.933333333333333215e+01 2.140889173333333417e+01
1.366666666666666607e+01 5.056488192000000481e+01 2.833333333333333215e+01
3.879730031999999795e+01 3.492128938999999832e+01 2.830145638666666841e+01
2.062859122999999784e+01 2.533333333333333215e+01 2.633333333333333215e+01
2.263659916666666660e+01 2.133333333333333215e+01 4.029782176333333155e+01
3.833333333333333570e+01 2.466666666666666785e+01 2.069836317999999764e+01
2.566666666666666785e+01 3.233333333333333570e+01 3.838734067666666050e+01
2.532796055999999751e+01 1.019140930666666556e+01 4.193415699333333890e+01
4.357209886999999782e+01 1.419670194000000230e+01 3.466666666666666430e+01
5.314811713999998943e+01 2.133333333333333215e+01 2.933691609666666622e+01
1.589381914666666695e+01 4.821023016000000183e+01 4.033333333333333570e+01
1.033333333333333393e+01 3.866666666666666430e+01 4.043863164666667132e+01
1.633333333333333215e+01 3.566666666666666430e+01 4.057037583999999697e+01
6.684415249999999808e+00 3.533333333333333570e+01 3.533333333333333570e+01
2.466666666666666785e+01 1.333333333333333393e+01 2.058500892666666715e+01
1.766666666666666785e+01 4.166043259666666643e+01 4.008228822000000235e+01
1.112536925333333215e+01 3.183168997666666655e+01 3.862142986333333283e+01
3.633333333333333570e+01 3.079139942666666840e+01 3.995794638333333637e+01
3.633333333333333570e+01 3.440938966666666943e+01 3.730837093666666959e+01
2.728085141333333397e+01 3.866666666666666430e+01 3.266666666666666430e+01
4.033333333333333570e+01 1.428300191666666841e+01 2.660016356999999587e+01
2.367829408999999785e+01 3.674645581666666772e+01 2.557020334333333267e+01
4.166666666666666430e+01 2.733333333333333215e+01 2.150926461666666611e+01
3.466666666666666430e+01 3.626678059666667053e+01 2.688578797999999992e+01
2.194348743666666834e+01 2.033333333333333215e+01 3.860707566666666679e+01
4.966666666666666430e+01 1.233333333333333393e+01 3.323533142000000140e+01
4.366666666666666430e+01 2.533333333333333215e+01 2.121256088333333523e+01
1.907985819666666671e+01 5.002879068000000728e+01 2.333333333333333215e+01
2.473790524333333352e+01 4.466666666666666430e+01 3.568364606000000094e+01
2.333333333333333215e+01 2.956227523666666457e+01 2.445568851666666887e+01
5.262454853666667276e+01 1.966666666666666785e+01 3.466666666666666430e+01
4.833333333333333570e+01 6.905960430000000372e+00 3.666666666666666430e+01
5.220825378999999344e+01 1.166666666666666607e+01 2.731943391000000076e+01
1.833333333333333215e+01 4.233613287666666736e+01 2.309896067000000031e+01
9.666666666666666075e+00 3.969331309666666385e+01 2.346089686333333191e+01
4.433333333333333570e+01 2.466666666666666785e+01 4.178322956333333593e+01
1.433333333333333393e+01 3.966666666666666430e+01 2.228212467000000174e+01
3.358253437333333835e+01 2.966666666666666785e+01 2.180026683999999548e+01
1.033333333333333393e+01 3.132195779999999630e+01 3.566666666666666430e+01
9.333333333333333925e+00 3.251376197333333096e+01 2.533333333333333215e+01
1.033333333333333393e+01 3.271532532333333165e+01 2.393434436666666443e+01
2.366666666666666785e+01 2.856050832000000028e+01 2.346643611999999735e+01
5.187604179333333576e+01 1.866666666666666785e+01 3.878461730333333435e+01
1.866666666666666785e+01 3.533333333333333570e+01 2.355915059000000156e+01
4.766666666666666430e+01 1.033333333333333393e+01 2.955389540333333187e+01
4.033333333333333570e+01 1.501009412333333337e+01 3.788971583000000010e+01
3.066666666666666785e+01 3.667567017666666374e+01 2.625330186666666421e+01
5.066666666666666430e+01 8.390741896666668254e+00 2.433333333333333215e+01
5.189749511333332777e+01 1.066666666666666607e+01 3.891771711666666533e+01
3.233333333333333570e+01 3.517546791333333545e+01 2.477474458333333018e+01
1.432115602333333193e+01 5.088112146000000280e+01 2.833333333333333215e+01
2.766666666666666785e+01 2.948213545000000124e+01 2.185078359333333253e+01
2.411469200333333163e+01 2.985580091666666647e+01 3.889691792333333353e+01
1.617688629999999961e+01 5.314656723333333588e+01 2.742058402333333333e+01
1.466666666666666607e+01 4.133333333333333570e+01 2.269316487000000038e+01
4.424124460999999542e+01 1.033333333333333393e+01 2.666666666666666785e+01
2.056743066666666309e+01 2.166666666666666785e+01 2.866666666666666785e+01
1.061314730333333323e+01 4.566666666666666430e+01 2.866666666666666785e+01
5.413145789333333369e+01 2.444379236666666699e+01 3.266666666666666430e+01
2.866666666666666785e+01 3.740530614666666764e+01 3.433333333333333570e+01
4.966666666666666430e+01 7.429151403333333015e+00 3.833333333333333570e+01
5.134520049000000341e+01 3.033333333333333215e+01 2.766666666666666785e+01
2.666678754000000140e+01 3.551865979333333456e+01 2.611784652000000051e+01
2.215872453000000064e+01 2.066666666666666785e+01 2.364149776333333364e+01
2.966666666666666785e+01 2.033333333333333215e+01 4.272997890999999981e+01
2.214146956333333449e+01 1.266666666666666607e+01 3.866666666666666430e+01
2.666666666666666785e+01 1.333333333333333393e+01 3.389737638666667152e+01
2.666666666666666785e+01 1.233333333333333393e+01 2.904624728999999661e+01
2.339551356000000126e+01 4.566666666666666430e+01 3.617285271666666091e+01
3.933333333333333570e+01 1.445261224333333416e+01 3.733333333333333570e+01
1.866666666666666785e+01 3.533333333333333570e+01 2.355915059000000156e+01
7.310204060000000226e+00 3.366666666666666430e+01 3.366666666666666430e+01
2.215872453000000064e+01 2.066666666666666785e+01 2.364149776333333364e+01
1.733333333333333215e+01 3.458217814333332996e+01 3.975530836000000079e+01
5.428546951333333936e+01 2.766666666666666785e+01 3.254342118333332934e+01
2.337517981000000233e+01 4.433333333333333570e+01 3.758569677333333203e+01
2.470364321666666640e+01 2.033333333333333215e+01 2.077378865000000019e+01
1.320325124666666738e+01 4.191594700666666995e+01 2.302492075333333332e+01
4.933333333333333570e+01 7.616379730000001125e+00 2.766666666666666785e+01
5.163775632666666837e+01 2.966666666666666785e+01 2.733333333333333215e+01
5.220991518333332948e+01 1.133333333333333393e+01 3.578575222333333272e+01
2.053332379333333435e+01 5.022949452666666303e+01 2.824051726333333434e+01
3.188693518333333543e+01 1.412771080000000090e+01 2.466666666666666785e+01
3.662956159333333517e+01 3.612183902333333663e+01 3.033333333333333215e+01
1.588489253333333373e+01 5.233333333333333570e+01 3.570231387000000467e+01
4.666666666666666430e+01 7.220469866666666015e+00 3.733333333333333570e+01
4.533333333333333570e+01 3.457294561999999161e+01 3.266666666666666430e+01
4.266666666666666430e+01 1.833333333333333215e+01 2.154969673666666452e+01
2.533333333333333215e+01 7.344484539999999839e+00 3.866666666666666430e+01
2.733333333333333215e+01 1.666666666666666785e+01 2.024285772333333355e+01
4.166666666666666430e+01 2.865179160666666647e+01 2.208909615666666681e+01
4.033333333333333570e+01 2.596233453666666335e+01 2.103841515999999956e+01
2.833333333333333215e+01 7.400792076666665942e+00 2.566666666666666785e+01
1.533333333333333393e+01 4.466666666666666430e+01 2.335477466333333041e+01
2.191211115999999848e+01 2.920838842333333218e+01 3.711911036666666774e+01
1.733333333333333215e+01 5.170873489333333595e+01 2.966666666666666785e+01
1.656465909000000281e+01 4.533333333333333570e+01 2.282228418666666769e+01
2.433333333333333215e+01 2.944073647999999821e+01 2.346643611999999735e+01
3.547153665333333805e+01 3.607147201333333442e+01 2.722412645666666720e+01
1.733333333333333215e+01 5.140609504000000385e+01 2.512334339999999955e+01
8.789702583333331987e+00 3.566666666666666430e+01 4.024723875333333467e+01
1.066666666666666607e+01 3.126338885000000190e+01 3.633333333333333570e+01
4.866666666666666430e+01 7.302791636666666086e+00 3.866666666666666430e+01
2.278402135666666695e+01 2.733333333333333215e+01 3.920051495666666597e+01
4.066666666666666430e+01 1.456213783000000284e+01 2.633333333333333215e+01
2.066666666666666785e+01 3.733333333333333570e+01 2.351280743999999956e+01
3.766666666666666430e+01 1.603337409333333241e+01 2.314713697999999908e+01
2.729576301666666538e+01 4.133333333333333570e+01 2.933333333333333215e+01
4.466666666666666430e+01 3.379586355666666719e+01 2.726891015333333357e+01
2.086812060000000102e+01 2.064113546999999826e+01 3.166666666666666785e+01
1.766666666666666785e+01 4.247108605999999753e+01 2.305664925666666321e+01
1.166666666666666607e+01 3.144592862999999738e+01 2.533333333333333215e+01
2.333333333333333215e+01 4.166666666666666430e+01 3.862235809333333236e+01
4.033333333333333570e+01 1.612325961333333524e+01 2.313999650999999957e+01
1.533333333333333393e+01 5.127243341999999870e+01 2.866666666666666785e+01
4.466666666666666430e+01 3.379586355666666719e+01 2.726891015333333357e+01
1.133824947333333455e+01 4.766666666666666430e+01 3.033333333333333215e+01
4.666666666666666430e+01 1.066666666666666607e+01 3.359849445666666412e+01
2.346706566333332944e+01 1.166666666666666607e+01 2.170554201333333211e+01
3.966666666666666430e+01 2.233333333333333215e+01 2.081201969666666685e+01
8.308240109999999845e+00 4.080433278666667007e+01 2.966666666666666785e+01
5.314578839333333349e+01 2.729739788666666911e+01 3.525861593333333843e+01
2.866666666666666785e+01 1.933333333333333215e+01 2.024211772333333315e+01
2.033930557333333411e+01 3.033333333333333215e+01 2.757772285000000068e+01
3.866666666666666430e+01 3.029890773666666703e+01 2.291621097666666529e+01
3.266666666666666430e+01 3.731022881999999896e+01 2.933333333333333215e+01
3.066666666666666785e+01 2.933333333333333215e+01 4.137188423666666637e+01
5.155969766666666487e+01 2.633333333333333215e+01 2.466666666666666785e+01
1.866666666666666785e+01 4.233333333333333570e+01 3.992623062999999917e+01
2.368992247999999634e+01 3.233333333333333570e+01 2.575841718999999941e+01
4.391794105333332965e+01 1.166666666666666607e+01 3.836653249333333093e+01
4.833333333333333570e+01 6.908484669999999994e+00 3.733333333333333570e+01
5.231506415666666499e+01 1.633333333333333215e+01 3.733333333333333570e+01
3.366666666666666430e+01 1.531233521000000053e+01 2.533333333333333215e+01
2.377513573999999963e+01 2.733333333333333215e+01 2.278774699999999953e+01
3.566666666666666430e+01 3.650397388999999748e+01 3.033333333333333215e+01
5.189082902000000530e+01 3.057620121666666435e+01 2.966666666666666785e+01
2.533333333333333215e+01 7.344484539999999839e+00 3.866666666666666430e+01
4.766666666666666430e+01 3.285882812999999913e+01 3.573698799999999665e+01
3.133333333333333215e+01 1.769920322666666834e+01 4.212405068999999713e+01
2.878413774666666924e+01 3.243072252666666344e+01 2.313594027999999980e+01
2.433333333333333215e+01 1.766666666666666785e+01 2.064458257666666796e+01
4.766666666666666430e+01 1.133333333333333393e+01 4.121178641000000198e+01
1.233333333333333393e+01 3.164108487666666747e+01 3.866666666666666430e+01
4.666666666666666430e+01 2.833333333333333215e+01 4.045335562999999723e+01
2.076022346333333246e+01 4.874737688666666457e+01 1.933333333333333215e+01
2.766666666666666785e+01 2.333333333333333215e+01 2.050575827333333123e+01
1.633333333333333215e+01 5.159056160000000091e+01 3.266666666666666430e+01
2.288713446333333579e+01 1.067955266999999964e+01 2.281336441333333198e+01
4.561776378999999793e+01 7.855816986666667390e+00 2.633333333333333215e+01
2.219704907666666927e+01 1.233333333333333393e+01 2.433333333333333215e+01
5.021467455666666524e+01 2.066666666666666785e+01 2.262330799666666792e+01
4.633333333333333570e+01 1.566666666666666607e+01 2.165978463000000076e+01
3.566666666666666430e+01 3.363806816666666322e+01 3.830533737666667093e+01
2.107149424333333343e+01 4.822924752333333487e+01 4.266666666666666430e+01
4.169919394333333429e+01 1.323694823000000120e+01 3.133333333333333215e+01
2.466666666666666785e+01 1.433333333333333393e+01 4.249324371333333517e+01
5.403307757333333683e+01 2.390476592333333272e+01 3.214778716333333364e+01
3.166666666666666785e+01 3.610643407333333244e+01 3.726283270999999786e+01
2.214697813333333443e+01 2.133333333333333215e+01 2.360627750666666813e+01
3.371168268333332918e+01 1.382723618333333349e+01 2.966666666666666785e+01
4.948659462333333181e+01 3.133333333333333215e+01 3.651722754333332688e+01
2.022291654333333710e+01 2.533333333333333215e+01 3.579091649666666086e+01
5.215033736333333536e+01 1.533333333333333393e+01 2.433333333333333215e+01
3.135809760666666435e+01 1.366666666666666607e+01 3.666666666666666430e+01
2.305327253666666820e+01 1.666666666666666785e+01 2.779366612333333464e+01
2.433010949000000167e+01 4.639134080333332832e+01 2.866666666666666785e+01
4.438633504666666596e+01 3.266666666666666430e+01 3.731478644666666611e+01
5.066666666666666430e+01 8.390741896666668254e+00 2.433333333333333215e+01
3.555903941666667123e+01 1.292096873333333384e+01 3.233333333333333570e+01
2.966666666666666785e+01 3.133333333333333215e+01 4.042124169666666944e+01
4.366666666666666430e+01 2.846585103666666683e+01 2.213018495666666752e+01
2.263861108666666766e+01 3.033333333333333215e+01 3.725212085000000428e+01
4.328457859666666963e+01 1.432189545333333314e+01 2.433333333333333215e+01
3.433333333333333570e+01 1.460696313333333229e+01 3.666666666666666430e+01
3.033333333333333215e+01 3.654173400333333888e+01 3.666666666666666430e+01
2.309508211000000344e+01 1.566666666666666607e+01 2.770281116333333316e+01
3.626999593000000033e+01 1.406393050666666689e+01 3.690282296333333534e+01
3.466666666666666430e+01 1.593109729333333213e+01 2.376537195000000224e+01
4.966666666666666430e+01 1.133333333333333393e+01 3.332360089333332809e+01
2.481985253000000213e+01 4.166666666666666430e+01 2.520377703666666847e+01
4.844561773333333576e+01 2.966666666666666785e+01 2.381648199666666699e+01
3.666666666666666430e+01 1.265327307000000268e+01 3.133333333333333215e+01
2.728866954000000078e+01 3.966666666666666430e+01 3.333333333333333570e+01
1.650050351999999876e+01 4.913933909666666722e+01 2.366666666666666785e+01
4.388874942333333706e+01 1.133333333333333393e+01 3.809388053333333346e+01
3.833333333333333570e+01 3.521457073999999920e+01 2.866666666666666785e+01
1.924165010999999836e+01 2.866666666666666785e+01 2.919014954333333378e+01
5.018913792333333390e+01 1.366666666666666607e+01 4.105103059666666354e+01
4.166666666666666430e+01 2.566666666666666785e+01 2.109803012000000066e+01
4.966666666666666430e+01 7.570824116666666548e+00 2.733333333333333215e+01
4.878518844333333249e+01 2.266666666666666785e+01 2.215763856999999959e+01
1.833333333333333215e+01 4.633977063000000385e+01 1.924403471666666476e+01
1.125473386666666720e+01 4.733333333333333570e+01 2.933333333333333215e+01
4.533333333333333570e+01 1.766666666666666785e+01 2.160435268999999892e+01
1.849185759999999945e+01 4.992342194666667154e+01 2.366666666666666785e+01
1.266666666666666607e+01 3.933333333333333570e+01 4.068333248333333785e+01
1.045284342999999971e+01 3.110656033333333426e+01 3.033333333333333215e+01
3.433333333333333570e+01 1.359844166666666609e+01 3.366666666666666430e+01
4.333333333333333570e+01 2.566666666666666785e+01 4.174561809666666790e+01
2.631786270666666994e+01 4.033333333333333570e+01 2.676482332333333147e+01
1.543500255666666732e+01 5.122350886666666980e+01 3.488882772333332838e+01
4.333333333333333570e+01 3.469906172333333672e+01 3.266666666666666430e+01
1.753929796666666618e+01 5.192630545333332748e+01 3.394953525999999755e+01
4.474862013000000616e+01 1.133333333333333393e+01 2.812393452333333244e+01
1.033333333333333393e+01 3.766666666666666430e+01 4.080062671333333668e+01
4.166666666666666430e+01 2.033333333333333215e+01 2.112981443333333331e+01
4.533333333333333570e+01 3.435112733333333068e+01 3.366666666666666430e+01
6.738502536666666209e+00 3.470103572000000014e+01 3.033333333333333215e+01
2.933333333333333215e+01 2.766666666666666785e+01 2.081858602000000147e+01
3.466666666666666430e+01 2.775945246999999938e+01 2.106099681666666612e+01
2.833333333333333215e+01 1.966666666666666785e+01 4.277184011333333302e+01
4.429481126333333663e+01 9.666666666666666075e+00 3.766666666666666430e+01
2.069918919333333562e+01 3.966666666666666430e+01 2.315198893999999896e+01
5.135909910999999539e+01 2.066666666666666785e+01 3.919084659666666681e+01
3.266666666666666430e+01 2.433333333333333215e+01 4.274235218333333819e+01
1.187625408333333432e+01 4.840798265333333461e+01 3.433333333333333570e+01
1.766666666666666785e+01 3.833333333333333570e+01 2.241168014333333147e+01
5.321149942666666988e+01 2.366666666666666785e+01 3.533333333333333570e+01
2.666666666666666785e+01 1.133333333333333393e+01 4.240276954000000131e+01
9.164946523333332706e+00 4.078042202333333677e+01 3.766666666666666430e+01
3.833333333333333570e+01 1.490656982000000141e+01 3.818234282333332885e+01
2.966666666666666785e+01 3.071155461333333392e+01 4.071824019333333666e+01
3.933333333333333570e+01 3.121851984333333618e+01 3.911226925666667142e+01
2.592265760666666452e+01 3.766666666666666430e+01 3.597709206999999765e+01
3.466666666666666430e+01 1.330974978333333247e+01 3.033333333333333215e+01
3.633333333333333570e+01 1.617463286999999994e+01 4.053540309999999636e+01
2.233333333333333215e+01 3.666666666666666430e+01 3.835725026333333432e+01
1.466666666666666607e+01 4.826929003999999424e+01 3.835865646333333956e+01
5.225982697333333249e+01 1.833333333333333215e+01 3.733333333333333570e+01
1.450352940333333329e+01 4.666666666666666430e+01 3.917391022999999706e+01
1.566666666666666607e+01 3.176857056000000057e+01 3.757333652999999885e+01
3.033333333333333215e+01 3.080977967333333467e+01 2.219408693666666466e+01
1.966666666666666785e+01 4.943637950333333464e+01 4.133333333333333570e+01
3.966666666666666430e+01 1.419740672999999909e+01 2.638252731666666762e+01
2.218803381666666397e+01 1.233333333333333393e+01 3.833333333333333570e+01
1.975655048999999863e+01 2.366666666666666785e+01 3.433333333333333570e+01
3.033333333333333215e+01 3.583715454000000022e+01 2.527249931666666782e+01
1.966666666666666785e+01 4.666666666666666430e+01 1.854699336666666909e+01
4.881669192666666390e+01 3.087322777333333690e+01 2.512887770333333037e+01
3.033333333333333215e+01 1.466666666666666607e+01 4.168823948333334073e+01
1.366666666666666607e+01 4.640888522333333555e+01 3.888705729666666144e+01
3.549731811000000192e+01 2.733333333333333215e+01 4.188527157333333406e+01
3.766666666666666430e+01 2.733333333333333215e+01 2.125714207000000044e+01
2.033333333333333215e+01 3.840792580333333461e+01 3.992694871333333140e+01
4.266666666666666430e+01 3.159381868666666549e+01 2.418902991333333219e+01
2.466666666666666785e+01 1.266666666666666607e+01 4.239410323333333253e+01
4.066666666666666430e+01 3.163767116666666723e+01 2.417770940333333485e+01
2.920367799333333281e+01 7.896879136666666632e+00 2.377923116666666559e+01
3.533333333333333570e+01 3.366666666666666430e+01 2.450742451666666355e+01
3.449627799333333655e+01 1.584997049666666591e+01 3.966666666666666430e+01
3.633333333333333570e+01 1.349111001999999893e+01 3.566666666666666430e+01
4.733333333333333570e+01 3.048390048666666630e+01 3.881273829333333225e+01
2.833333333333333215e+01 7.547488160000000335e+00 2.633333333333333215e+01
3.178996740999999915e+01 1.366666666666666607e+01 2.466666666666666785e+01
3.666666666666666430e+01 2.333333333333333215e+01 2.052011543000000060e+01
3.067092080000000109e+01 1.433333333333333393e+01 2.767013262999999768e+01
3.050628505666666612e+01 9.695488516666666001e+00 2.333333333333333215e+01
